TypeNum	MaxWealth	y1	y2	y3	y4	y5	y6	y7	y8	y9	y10	y11	y12	y13	y14	y15	y16	y17	y18	y19	y20	y21
1	0	1.27457	1.256883	1.190009	1.173155	1.147061	1.128633	1.087077	1.059368	1.015474	.981743	1.295901	1.269287	1.2768	1.267914	1.443964	1.403533	1.364234	1.326036	1.288907	1.252817	1.217738
2	0	2.065683	2.037018	1.928635	1.90132	1.859031	1.829164	1.761814	1.716906	1.645768	1.591101	1.579816	1.828091	1.68	1.611738	1.843171	1.821108	1.770117	1.720554	1.672379	1.625552	1.580037
3	0	2.930046	2.889387	2.735652	2.696907	2.636923	2.594559	2.499027	2.435328	2.334423	2.256881	2.482569	2.203483	2.16	1.958248	1.638375	1.5925	1.54791	1.504569	1.462441	1.421492	1.381691
4	0	4.102065	4.045142	3.829912	3.77567	3.691692	3.632382	3.498638	3.409459	3.268192	3.159633	3.385321	3.065964	2.7152	2.48166	2.352147	2.286287	2.222271	2.160047	2.099566	2.040778	1.983636
5	0	7.325115	7.223468	6.839129	6.742268	6.592308	6.486397	6.247568	6.08832	5.836057	5.642201	5.416513	6.930733	5.599376	4.719967	4.413241	4.28967	4.16956	4.052813	3.939334	3.829032	3.72182
6	0	1.728891	1.7049	1.614188	1.591326	1.555932	1.530935	1.474566	1.43698	1.37744	1.331686	1.273547	1.229347	1.213601	1.192651	1.130409	1.098757	1.067992	1.038088	1.009022	.9807693	.9533077
7	0	3.747472	3.69547	3.498845	3.449292	3.372573	3.31839	3.196207	3.114737	2.985681	2.886507	2.760487	2.664682	2.630551	2.58514	2.450227	2.38162	2.314935	2.250117	2.187114	2.125874	2.06635
8	0	4.407642	4.346479	4.115216	4.056933	3.9667	3.902972	3.759264	3.663442	3.511651	3.395005	3.246786	3.134103	3.09396	3.040549	2.881868	2.801176	2.722743	2.646507	2.572404	2.500377	2.430367
9	0	7.204238	7.104268	6.726272	6.63101	6.483523	6.379361	6.144472	5.987853	5.739752	5.549096	5.306832	5.122654	5.057041	4.969741	4.71038	4.578489	4.450292	4.325683	4.204564	4.086837	3.972405
10	0	12.85244	12.67409	11.99974	11.82979	11.56668	11.38085	10.9618	10.68239	10.23978	9.899646	9.467446	9.138869	5.7584	5.658993	5.363661	5.213478	5.067501	4.925611	4.787694	4.653639	4.523337
11	0	1.609551	1.587216	1.502765	1.481482	1.448531	1.425259	1.372781	1.33779	1.28236	1.294547	1.167744	1.268757	1.254107	1.269339	1.419242	1.343583	1.305963	1.269396	1.233853	1.199305	1.165724
12	0	2.266176	2.234729	2.115826	2.08586	2.039466	2.006701	1.932814	1.883547	1.805504	1.579816	1.726231	1.7316	1.721818	1.750259	1.754938	1.331566	1.294282	1.258042	1.222817	1.188578	1.155298
13	0	2.832719	2.793411	2.644782	2.607325	2.549333	2.508376	2.416017	2.354434	2.256881	2.437431	2.31518	2.5536	2.281523	2.198399	2.047968	2.358774	2.292728	2.228532	2.166133	2.105481	2.046528
14	0	4.249079	4.190116	3.967173	3.910987	3.824	3.762564	3.624026	3.531651	3.385321	3.385321	3.262492	3.0528	2.797498	2.844172	2.391003	2.324055	2.258981	2.19573	2.134249	2.074491	2.016405
15	0	7.648342	7.542209	7.140912	7.039776	6.883199	6.772615	6.523247	6.356972	6.093578	6.093578	5.799692	4.948	4.954684	4.758796	3.451506	3.50022	3.402215	3.306952	3.214358	3.124356	3.036874
16	0	1.859756	1.833949	1.73637	1.711778	1.673705	1.646816	1.58618	1.545749	1.481702	1.432485	1.369945	1.3224	1.461207	1.435982	1.361041	1.322932	1.28589	1.249885	1.214888	1.180871	1.147807
17	0	2.73285	2.694928	2.551539	2.515402	2.459455	2.419942	2.330839	2.271428	2.177313	2.10499	2.01309	1.943224	1.918334	1.885218	1.786832	1.736801	1.68817	1.640902	1.594956	1.550298	1.506889
18	0	4.625398	4.561213	4.318525	4.257363	4.162672	4.095795	3.944988	3.844432	3.685141	3.562733	3.407191	3.7356	3.687753	3.624091	3.434957	3.338778	3.245292	3.154424	3.0661	2.98025	2.896802
19	0	6.531084	6.440455	6.097778	6.011417	5.877712	5.783282	5.570342	5.428356	5.203437	5.030596	4.810969	4.644	4.584517	4.505375	4.270248	4.150681	4.034462	3.921498	3.811696	3.704968	3.601229
20	0	11.76424	11.60099	10.98374	10.82818	10.58734	10.41724	10.03368	9.777927	9.372789	9.061455	8.665849	9.1104	7.210155	7.085688	6.715899	6.527853	6.345073	6.167411	5.994724	5.826872	5.663719
21	0	1.533086	1.511812	1.431373	1.411101	1.379715	1.357549	1.307564	1.274235	1.294547	1.274365	1.2624	1.22611	1.233204	1.228781	1.18775	1.154493	1.122167	1.090747	1.060206	1.03052	1.001665
22	0	2.031081	2.002896	1.896328	1.869471	1.827891	1.798524	1.732302	1.688147	1.805504	1.787157	1.7814	1.889214	1.706503	1.843388	1.307634	1.27102	1.235431	1.200839	1.167216	1.134534	1.102767
23	0	2.986883	2.945436	2.788718	2.749222	2.688074	2.644888	2.547503	2.482569	2.482569	2.482726	2.544	2.215972	2.02155	2.065735	2.301707	2.180598	2.119541	2.060194	2.002509	1.946438	1.891938
24	0	3.801488	3.748736	3.549277	3.49901	3.421185	3.366221	3.242277	3.159633	3.55233	3.315802	2.991448	3.181673	2.779449	2.759808	2.51993	2.80469	2.726159	2.649826	2.575631	2.503514	2.433415
25	0	6.788371	6.694172	6.337996	6.248231	6.10926	6.01111	5.789781	5.642201	5.303669	6.753456	5.1136	4.457257	4.170969	5.051176	3.327013	3.233856	3.143308	3.055296	2.969748	2.886595	2.80577
26	0	2.185236	2.154912	2.040256	2.01136	1.966624	1.935029	1.863781	1.816274	1.741018	1.683187	1.609702	1.553836	1.533934	1.507454	1.428782	1.388777	1.349891	1.312094	1.275355	1.239645	1.204935
27	0	3.625338	3.575031	3.384815	3.336876	3.262658	3.210241	3.09204	3.013225	2.888375	2.792432	2.672	2.312619	2.282998	2.243587	2.126498	2.066956	2.009082	1.952827	1.898148	1.845	1.79334
28	0	4.910136	4.842	4.584372	4.519445	4.418924	4.347931	4.18784	4.081093	3.911998	3.782053	3.8261	3.770366	3.722073	3.65782	3.466925	3.36985	3.275495	3.183781	3.094635	3.007986	2.923762
29	0	6.530003	6.439389	6.096769	6.010421	5.876739	5.782325	5.569419	5.427457	5.202576	5.029763	4.599509	4.952417	4.8613	4.770183	4.521236	4.394641	4.271591	4.151987	4.035732	3.922731	3.812895
30	0	11.51737	11.35755	10.75325	10.60095	10.36517	10.19864	9.82313	9.572742	9.176105	8.871305	8.484	8.189554	8.08466	7.945095	7.530455	7.319602	7.114653	6.915443	6.721811	6.5336	6.350659
31	0	1.587681	1.56565	1.482346	1.461352	1.428849	1.405894	1.354128	1.244895	1.208362	1.2888	1.56725	1.257096	1.253271	1.361953	1.163218	1.130648	1.09899	1.068218	1.038308	1.009235	.9809768
32	0	2.116908	2.087533	1.976462	1.94847	1.905132	1.874525	1.805504	1.805504	1.859506	1.7976	1.79832	1.660559	1.71036	1.712013	1.750058	1.701056	1.653427	1.607131	1.562131	1.518392	1.475877
33	0	3.0674	3.024835	2.863893	2.823332	2.760536	2.716186	2.616176	2.708257	2.687505	2.49915	2.574946	2.402231	2.67513	2.618751	2.613229	2.540059	2.468937	2.399807	2.332612	2.267299	2.203815
34	0	3.969203	3.914125	3.705866	3.65338	3.572123	3.514734	3.385321	3.385321	3.447596	3.3624	2.798227	3.312366	2.883539	2.90535	3.036763	2.951733	2.869085	2.788751	2.710666	2.634767	2.560994
35	0	7.409179	7.306365	6.917615	6.819643	6.667962	6.560836	6.319266	7.899082	6.787303	6.037635	5.844828	5.471748	4.27539	5.172816	5.718576	5.558456	5.40282	5.251541	5.104497	4.961572	4.822647
36	0	1.587681	1.56565	1.482346	1.461352	1.428849	1.405894	1.354128	1.339262	1.324396	1.2588	1.300129	1.255007	1.238932	1.217545	1.154003	1.121691	1.090284	1.059756	1.030083	1.00124	.9732057
37	0	3.175363	3.131299	2.964693	2.922704	2.857698	2.811787	2.708257	2.601838	2.495419	2.3568	2.220575	2.143507	2.116052	2.079523	1.970997	1.915809	1.862166	1.810026	1.759345	1.710083	1.662201
38	0	5.371284	5.296749	5.014925	4.9439	4.833939	4.756278	4.581151	4.46438	4.279403	4.3402	3.838257	3.646374	3.178617	3.123745	2.960723	2.877822	2.797244	2.718921	2.642791	2.568793	2.496867
39	0	6.381069	6.292521	5.957716	5.873338	5.742704	5.650444	5.442394	5.303669	6.040962	4.9512	7.059815	3.666793	4.969481	4.883693	4.628822	4.499215	4.373237	4.250786	4.131764	4.016075	3.903625
40	0	14.66288	14.45941	13.69007	13.49618	13.196	12.984	12.50593	12.18716	11.65206	8.9556	8.211951	9.107274	8.990624	8.835421	8.374315	8.139834	7.91192	7.690386	7.475056	7.265754	7.062313
41	0	1.457349	1.437126	1.360661	1.34139	1.311556	1.290484	1.343295	1.330213	1.3836	1.459999	1.392831	1.345515	1.409147	1.625462	1.540632	1.497494	1.455564	1.414808	1.375194	1.336688	1.299261
42	0	2.168438	2.138347	2.024572	1.995899	1.951506	1.920154	1.940917	2.009176	1.9956	2.106094	2.045433	1.92509	1.895649	1.93838	1.837219	1.785777	1.735775	1.687173	1.639933	1.594015	1.549382
43	0	2.936108	2.895365	2.741311	2.702487	2.642378	2.599926	2.933945	2.91513	2.731447	2.639185	2.625389	2.424324	2.51993	2.236397	2.119683	2.060332	2.002643	1.946569	1.892065	1.839087	1.787593
44	0	4.332798	4.272674	4.045338	3.988045	3.899343	3.836697	3.814128	4.04744	3.723202	3.584368	3.53654	3.715361	3.252245	4.388857	4.159811	4.043336	3.930123	3.820079	3.713117	3.60915	3.508093
45	0	8.155854	8.042679	7.614753	7.506907	7.33994	7.222018	8.237614	7.088758	5.830393	6.187694	5.402832	5.403946	4.642632	6.118863	5.799531	5.637143	5.479303	5.325883	5.176759	5.031809	4.890918
46	0	1.640604	1.617838	1.531758	1.510064	1.476477	1.452757	1.399266	1.523145	1.3188	1.378367	1.356451	1.249261	1.23326	1.21197	1.148719	1.116555	1.085292	1.054904	1.025366	.9966561	.9687497
47	0	2.752601	2.714404	2.569979	2.533581	2.47723	2.437431	2.454367	2.471303	2.4736	2.56344	2.432084	2.691917	2.657437	2.611562	2.47527	2.405962	2.338595	2.273115	2.209467	2.147602	2.087469
48	0	3.568186	3.518672	3.331454	3.284271	3.211224	3.159633	3.379666	3.599699	3.3072	3.048592	3.03743	2.932013	2.894458	2.844491	2.696043	2.620553	2.547178	2.475857	2.406533	2.33915	2.273654
49	0	4.332798	4.272674	4.045338	3.988045	3.899343	3.836697	4.53633	4.442506	4.1448	3.990131	4.075917	3.701361	2.831596	2.782715	2.63749	2.56364	2.491858	2.422086	2.354268	2.288348	2.224275
50	0	10.94242	10.79058	10.21644	10.07175	9.847736	9.689525	9.332755	9.094868	9.8016	9.214426	7.891678	6.568931	6.484793	6.372847	6.04026	5.871132	5.706741	5.546952	5.391638	5.240672	5.093933
51	0	1.315068	1.29682	1.22782	1.21043	1.183508	1.132954	1.271826	1.304731	1.257999	1.26974	1.251413	1.4253	1.712013	1.682459	1.594655	1.550004	1.506604	1.464419	1.423416	1.38356	1.34482
52	0	2.181749	2.151474	2.037001	2.008151	1.963486	1.850642	1.892508	1.776	1.8593	1.96605	1.865876	1.944743	2.152381	2.115225	2.004835	1.9487	1.894136	1.841101	1.78955	1.739442	1.690738
53	0	2.984231	2.942821	2.786242	2.746781	2.685688	2.753394	2.7442	2.6228	2.665794	2.520374	2.590389	2.616851	2.370267	2.329349	2.207785	2.145966	2.08588	2.027475	1.970706	1.915526	1.861891
54	0	4.513964	4.451325	4.214484	4.154795	4.062385	3.385321	4.133646	3.85	3.755765	3.404255	3.314295	3.344704	4.184921	4.112678	3.898045	3.788899	3.68281	3.579691	3.47946	3.382035	3.287338
55	0	8.024824	7.913467	7.492416	7.386302	7.222018	6.770642	8.546535	7.3264	6.680133	5.35885	5.870842	4.92837	5.880806	5.779287	5.477676	5.324302	5.175221	5.030315	4.889466	4.752561	4.61949
56	0	1.880818	1.854719	1.756035	1.731165	1.692661	1.547317	1.699153	1.6764	1.518735	1.547835	1.576936	1.522206	1.502709	1.476768	1.399698	1.360507	1.322413	1.285385	1.249394	1.214411	1.180408
57	0	3.175686	3.131618	2.964994	2.923002	2.857989	2.812073	2.84955	2.6478	2.695946	2.720195	2.306214	2.645357	2.611474	2.566392	2.432457	2.364348	2.298146	2.233799	2.171252	2.110457	2.051364
58	0	4.467103	4.405115	4.170732	4.111662	4.020212	3.955624	3.809978	3.634429	3.168061	3.168207	3.216675	3.107273	3.067474	3.01452	2.857198	2.777196	2.699435	2.623851	2.550383	2.478972	2.409561
59	0	5.86202	5.780676	5.473104	5.395589	5.275582	5.190825	5.559479	4.37	4.135445	3.900891	4.89874	4.537314	4.436017	4.359438	4.131927	4.016233	3.903779	3.794473	3.688228	3.584957	3.484579
60	0	10.0583	9.918723	9.390978	9.257976	9.052062	8.906633	8.578691	8.0976	7.133451	8.159788	6.74642	6.069588	5.991846	5.888409	5.581104	5.424833	5.272938	5.125296	4.981788	4.842298	4.706713
61	0	1.409398	1.389841	1.315892	1.297255	1.37444	1.476499	1.303964	1.459162	1.368043	1.350635	1.340574	1.402345	1.384383	1.360485	1.289483	1.253378	1.218283	1.184171	1.151015	1.118786	1.08746
62	0	2.427461	2.393776	2.266411	2.234312	1.89578	2.105007	1.965326	2.075221	2.002913	2.047968	1.888047	1.965011	1.939842	1.906355	1.806866	1.756273	1.707098	1.659299	1.612839	1.567679	1.523784
63	0	2.942377	2.901547	2.747164	2.708257	2.933945	2.563326	2.5294	2.737703	2.625495	2.515588	2.47052	2.472908	2.441234	2.399091	2.273887	2.210218	2.148332	2.088179	2.02971	1.972878	1.917637
64	0	3.923169	3.868729	3.662886	3.611009	3.836697	4.125185	3.8664	3.739885	3.716749	3.293393	3.195523	3.249972	3.208345	3.15296	2.988412	2.904737	2.823404	2.744349	2.667507	2.592817	2.520218
65	0	8.82713	8.704639	8.241493	8.12477	6.665471	8.216944	8.012	7.034585	6.266111	6.049889	6.123935	6.167052	6.088062	5.982965	5.670724	5.511944	5.35761	5.207597	5.061784	4.920054	4.782292
66	0	2.043321	2.014967	1.907757	1.880738	1.838906	1.61612	1.68	1.575879	1.823916	1.638375	1.566846	1.512467	1.493095	1.46732	1.390743	1.351802	1.313952	1.277161	1.241401	1.206642	1.172856
67	0	3.159956	3.116106	2.950308	2.908523	2.843832	2.798144	3.1488	2.761245	2.83234	2.733355	2.455317	2.527281	2.49491	2.451841	2.323884	2.258815	2.195568	2.134092	2.074337	2.016256	1.959801
68	0	4.564119	4.500784	4.261312	4.200959	4.107522	4.142954	3.813457	3.653667	3.722583	3.704775	4.219838	3.859639	3.810203	3.744428	3.549013	3.449641	3.353051	3.259166	3.167909	3.079208	2.99299
69	0	6.394782	6.306045	5.970519	5.88596	5.755046	6.452634	5.496849	6.21991	5.090908	5.7012	4.44114	5.4203	5.350874	5.258502	4.984071	4.844517	4.70887	4.577022	4.448865	4.324297	4.203217
70	0	14.80284	14.59743	13.82074	13.625	13.32196	13.10793	10.8264	12.57942	9.544748	12.56002	6.508821	10.53712	10.40216	10.22259	9.689092	9.417796	9.154099	8.897784	8.648646	8.406485	8.171103
71	0	1.489364	1.468697	1.390552	1.370858	1.340368	1.3704	1.312695	1.433578	1.46979	1.476611	1.654946	1.59751	1.577048	1.549824	1.468941	1.427811	1.387832	1.348973	1.311202	1.274488	1.238802
72	0	2.334653	2.302256	2.17976	2.148889	2.101094	2.16	1.96863	1.949666	1.975948	1.904201	2.014469	1.944555	1.919648	1.88651	1.788056	1.73799	1.689327	1.642026	1.596049	1.55136	1.507921
73	0	3.17054	3.126544	2.96019	2.918266	2.853358	2.88	2.991448	2.812813	2.557049	2.774415	2.706249	2.612326	2.578866	2.534348	2.402085	2.334826	2.269451	2.205907	2.144141	2.084105	2.02575
74	0	4.895908	4.82797	4.571089	4.506349	4.40612	4.4228	4.39739	3.867344	3.828335	3.935462	3.882466	3.747721	3.699718	3.635851	3.446102	3.349611	3.255822	3.164659	3.076049	2.98992	2.906202
75	0	6.940022	6.843719	6.479586	6.387817	6.24574	8	6.257178	6.338856	5.565019	6.009065	5.752365	5.552723	5.481602	5.386973	5.105837	4.962873	4.823913	4.688844	4.557556	4.429945	4.305906
76	0	1.853243	1.827526	1.730289	1.705783	1.667844	1.624644	1.59774	1.502348	1.714149	1.657211	1.58486	1.529856	1.510261	1.48419	1.406732	1.367344	1.329058	1.291845	1.255673	1.220514	1.18634
77	0	2.758708	2.720427	2.575681	2.539202	2.482726	2.472	2.445892	2.75128	1.930596	2.023893	2.11719	2.043711	2.017534	1.982705	1.879232	1.826613	1.775468	1.725755	1.677434	1.630466	1.584813
78	0	4.221275	4.162698	3.941214	3.885395	3.798977	3.7272	3.405648	3.765019	3.780379	2.920915	2.988414	2.884698	2.84775	2.79859	2.652536	2.578265	2.506074	2.435904	2.367699	2.301403	2.236964
79	0	6.030796	5.947109	5.630682	5.550936	5.427473	5.032535	4.877471	4.50473	4.164202	4.189999	4.514009	4.357346	4.301535	4.227278	4.006664	3.894477	3.785432	3.67944	3.576416	3.476276	3.37894
80	0	8.678554	8.558125	8.102775	7.988017	7.810349	9.6412	9.301101	7.985559	6.422898	7.934804	6.310354	6.091347	6.013327	5.909519	5.601112	5.444281	5.291842	5.14367	4.999647	4.859657	4.723587
81	0	1.417626	1.397954	1.323573	1.304828	1.344	1.374897	1.571587	1.515496	1.603938	1.512278	1.446255	1.396062	1.37818	1.354389	1.283706	1.247762	1.212825	1.178866	1.145857	1.113773	1.082588
82	0	2.363629	2.330829	2.206813	2.175559	2.1376	2.186058	2.187824	2.0908	2.141117	2.233226	2.135728	2.061605	2.035199	2.000066	1.895686	1.842607	1.791014	1.740866	1.692121	1.644742	1.598689
83	0	3.286188	3.240587	3.068166	3.024712	2.974	2.959615	2.634576	2.669817	2.671329	2.748732	2.628728	2.537495	2.504994	2.461751	2.333276	2.267945	2.204442	2.142718	2.082722	2.024406	1.967722
84	0	4.816433	4.749598	4.496887	4.433198	4.4256	3.992816	3.748655	3.970838	3.871115	3.732823	3.569855	3.44596	3.401822	3.343097	3.168627	3.079905	2.993668	2.909846	2.82837	2.749176	2.672199
85	0	8.35682	8.240856	7.802386	7.691882	8.1212	6.054075	6.340497	5.336323	5.895358	5.267294	5.037334	4.862509	4.800227	4.717361	4.471171	4.345978	4.224291	4.106011	3.991043	3.879293	3.770673
86	0	1.654816	1.631853	1.545027	1.523145	1.570841	1.531477	1.475088	1.437489	1.377928	1.332157	1.273998	1.229782	1.214031	1.193073	1.130809	1.099146	1.06837	1.038456	1.009379	.9811165	.9536452
87	0	2.924542	2.88396	2.730513	2.691841	2.5764	2.54784	2.51928	2.457562	2.355735	2.277485	2.178055	2.102463	2.075534	2.039704	1.933256	1.879124	1.826509	1.775367	1.725657	1.677338	1.630373
88	0	4.376298	4.31557	4.085952	4.028084	3.681782	4.022346	3.172094	5.119921	4.907782	4.744761	4.537614	4.380132	4.324029	4.249383	4.027616	3.914843	3.805227	3.698681	3.595118	3.494455	3.39661
89	0	5.579717	5.50229	5.20953	5.135748	5.3171	6.10369	5.67157	5.595411	5.473152	4.921087	4.706242	4.542907	4.48472	4.4073	4.177291	4.060327	3.946638	3.836133	3.728721	3.624316	3.522835
90	0	12.44559	12.27289	11.61989	11.45532	14.2316	11.34756	10.16171	9.266374	10.89246	11.32279	10.82846	10.45265	10.31877	10.14064	9.611414	9.342295	9.080711	8.82645	8.57931	8.339089	8.105596
91	0	1.367639	1.348661	1.276903	1.248	1.288624	1.277689	1.313543	1.251067	1.328712	1.284577	1.228495	1.185859	1.17067	1.15046	1.09042	1.059888	1.030211	1.001366	.9733272	.9460741	.919584
92	0	2.213238	2.182525	2.0664	2.174552	1.969042	2.132334	1.932073	1.774657	2.041101	1.973302	1.887151	1.821656	1.798323	1.767279	1.675048	1.628146	1.582558	1.538247	1.495176	1.453311	1.412618
93	0	2.999018	2.957402	2.800048	2.987	2.762487	2.415723	2.552792	2.941819	2.828309	2.734362	2.614985	2.524229	2.491898	2.44888	2.321078	2.256088	2.192917	2.131516	2.071833	2.013822	1.957435
94	0	4.853806	4.786451	4.531779	4.1064	4.128198	4.28449	3.940291	3.909886	4.534616	4.383991	4.192594	4.047086	3.995249	3.926279	3.721374	3.617175	3.515894	3.41745	3.321761	3.228752	3.138347
95	0	9.856248	9.719478	9.202333	8.7744	6.783411	8.328577	6.303646	5.801078	5.184547	5.012333	4.793503	4.627141	4.567874	4.489019	4.254745	4.135612	4.019815	3.907261	3.797858	3.691518	3.588155
96	0	1.473679	1.45323	1.375908	1.4736	1.454304	1.398766	1.488873	1.415798	1.602635	1.5494	1.481756	1.430331	1.41201	1.387635	1.315217	1.278391	1.242596	1.207803	1.173985	1.141113	1.109162
97	0	2.702765	2.66526	2.523449	2.4	2.406607	2.523097	2.105311	2.236798	2.368285	2.289618	2.189658	2.113664	2.086591	2.05057	1.943555	1.889135	1.836239	1.784825	1.73485	1.686274	1.639058
98	0	3.777775	3.725353	3.527138	4.2652	4.020485	4.163959	3.597598	3.268688	3.271848	3.163167	3.025069	2.920081	2.88268	2.832916	2.685072	2.60989	2.536813	2.465782	2.39674	2.329631	2.264402
99	0	5.755143	5.675281	5.373317	5.833323	5.92244	6.137615	5.350658	4.623673	5.25493	5.080378	4.858578	4.689956	4.629885	4.54996	4.312506	4.191755	4.074387	3.960304	3.849415	3.741632	3.636866
100	0	13.07142	12.89004	12.2042	10.3654	9.663527	7.421287	6.630553	7.912922	8.347333	8.070061	7.717738	7.449886	7.354464	7.227505	6.850315	6.658505	6.472068	6.29085	6.114706	5.943494	5.777077
101	0	.7112179	1.276903	1.255257	1.275502	1.302508	1.492969	1.301774	1.441896	1.382152	1.336241	1.277904	1.233553	1.217753	1.196731	1.134276	1.102516	1.071646	1.04164	1.012474	.9841244	.9565688
102	0	1.767935	1.968242	2.16	2.091925	1.937378	1.942543	1.81093	1.994496	1.911856	1.84835	1.767654	1.706306	1.684451	1.655373	1.568982	1.52505	1.482349	1.440843	1.400499	1.361286	1.32317
103	0	2.999819	3.098965	2.916374	3.10744	2.413699	2.656215	2.638547	2.680252	2.569198	2.483858	2.375417	2.292976	2.263607	2.22453	2.108436	2.0494	1.992017	1.93624	1.882026	1.829329	1.778108
104	0	4.709181	4.162417	4.4192	4.151258	3.981111	4.000292	3.810935	4.028938	3.862003	3.73372	3.570712	3.446788	3.402639	3.3439	3.169388	3.080645	2.994387	2.910544	2.829049	2.749836	2.67284
105	0	7.978124	7.909987	7.737573	8.944237	7.465709	6.405866	6.645148	6.876301	6.591388	6.372443	6.094234	5.882728	5.80738	5.707128	5.409283	5.257823	5.110604	4.967507	4.828417	4.693222	4.561811
106	0	1.334523	1.454603	1.684	1.695921	1.760834	1.638375	1.698007	1.681578	1.611903	1.558361	1.490326	1.438603	1.420176	1.39566	1.322823	1.285784	1.249782	1.214788	1.180774	1.147712	1.115577
107	0	2.54598	2.510651	2.3352	2.234381	2.161571	2.525145	2.551338	2.577531	2.470734	2.388664	2.284379	2.205098	2.176854	2.139275	2.02763	1.970856	1.915672	1.862034	1.809897	1.75922	1.709962
108	0	3.287954	4.348156	3.895401	4.08248	3.495882	3.219905	3.508139	3.671952	3.519808	3.402891	3.254327	3.141383	3.101146	3.047612	2.888562	2.807683	2.729068	2.652654	2.578379	2.506185	2.436012
109	0	6.718915	6.62568	5.3704	5.955255	4.975112	6.094583	5.771515	5.071363	4.861237	4.699762	4.494579	4.338591	4.28302	4.209083	3.989418	3.877714	3.769139	3.663603	3.561022	3.461314	3.364397
110	0	12.07517	11.90761	14.9892	11.56223	10.87859	10.46392	10.09326	8.170879	7.832326	7.572162	7.241576	6.99025	6.900716	6.781589	6.42767	6.247695	6.07276	5.902723	5.737447	5.576798	5.420648
111	0	1.204554	1.272	1.292191	1.276787	1.40764	1.28467	1.381024	1.345822	1.29006	1.247208	1.192757	1.151361	1.136614	1.116993	1.058699	1.029056	1.000242	.9722353	.9450127	.9185523	.8928328
112	0	1.822697	1.6272	1.779911	1.773232	1.753061	1.717962	1.901286	1.852823	1.776053	1.717058	1.642095	1.585104	1.564802	1.537789	1.457534	1.416723	1.377055	1.338498	1.30102	1.264591	1.229182
113	0	2.640118	2.8904	2.94926	2.85282	2.613684	2.508845	2.565484	2.500091	2.396502	2.316898	2.215746	2.138847	2.111451	2.075001	1.966711	1.911643	1.858117	1.80609	1.75552	1.706365	1.658587
114	0	4.28173	4.111411	4.036865	3.671169	3.613927	3.839441	3.722678	3.627788	3.477475	3.361964	3.215187	3.103601	3.063848	3.010958	2.853821	2.773914	2.696245	2.62075	2.547369	2.476043	2.406713
115	0	7.825157	7.4424	6.698542	5.849695	5.555455	5.384942	5.765363	5.618407	5.385613	5.206721	4.979405	4.80659	4.745025	4.663113	4.419753	4.296	4.175712	4.058792	3.945146	3.834682	3.727311
116	0	1.254056	1.2792	1.290925	1.238309	1.376235	1.477561	1.426678	1.390312	1.332706	1.288438	1.232187	1.189423	1.174188	1.153918	1.093697	1.063074	1.033308	1.004375	.9762529	.9489177	.922348
117	0	2.318988	2.1792	2.069085	2.415358	2.105141	2.282684	2.677399	2.609153	2.501045	2.417969	2.312405	2.23215	2.20356	2.16552	2.052506	1.995035	1.939175	1.884878	1.832101	1.780802	1.73094
118	0	3.660625	3.9408	3.21756	3.032689	3.260365	2.770783	3.233803	3.151375	3.020801	2.920459	2.792958	2.696025	2.661493	2.615548	2.479048	2.409634	2.342165	2.276584	2.21284	2.15088	2.090656
119	0	5.385164	5.461	4.643647	5.736475	5.250954	5.896941	5.308509	5.173198	4.958851	4.794134	4.584832	4.425711	4.369024	4.293602	4.069527	3.95558	3.844824	3.737169	3.632528	3.530818	3.431954
120	0	12.3544	9.304	10.34542	11.1579	10.24837	8.961653	8.398376	8.184305	7.845198	7.584605	7.253475	7.001737	6.912055	6.792733	6.438233	6.257962	6.082739	5.912423	5.746875	5.585962	5.429555
121	0	1.2	1.277118	1.253357	1.334251	1.331566	1.380073	1.329259	1.295376	1.241704	1.200458	1.148049	1.108204	1.09401	1.075124	1.019016	.990483	.9627496	.9357926	.9095904	.8841219	.8593664
122	0	1.7952	1.904171	1.833397	1.839587	1.775765	1.846121	1.778147	1.732823	1.661025	1.605851	1.535743	1.482443	1.463455	1.438192	1.363135	1.324967	1.287868	1.251808	1.216757	1.182688	1.149573
123	0	2.6822	2.634775	2.664407	2.36967	2.389022	2.672881	2.574465	2.508843	2.404892	2.325009	2.223504	2.146335	2.118843	2.082266	1.973596	1.918336	1.864622	1.812413	1.761665	1.712339	1.664393
124	0	4.050117	3.782264	3.450564	3.421302	3.418186	3.616549	3.483387	3.394597	3.253946	3.14586	3.008518	2.904104	2.866907	2.817416	2.67038	2.595609	2.522933	2.452291	2.383626	2.316885	2.252012
125	0	7.659584	7.154392	6.947071	6.19792	6.793931	6.150883	5.924407	5.773397	5.534182	5.350354	5.116767	4.939185	4.875922	4.791749	4.541677	4.41451	4.290904	4.170759	4.053977	3.940466	3.830133
126	0	1.3244	1.475014	1.667734	1.232877	1.529822	1.583612	1.525304	1.486424	1.424836	1.377507	1.317368	1.271647	1.25536	1.233688	1.169304	1.136564	1.10474	1.073807	1.043741	1.014516	.9861097
127	0	2.416	2.034951	2.141151	1.961954	2.464819	1.99933	1.925715	1.876629	1.798873	1.73912	1.663193	1.605471	1.584907	1.557547	1.476261	1.434926	1.394748	1.355695	1.317736	1.280839	1.244976
128	0	3.876	3.58238	2.794216	2.969936	3.055097	2.929445	2.821583	2.749662	2.635732	2.548182	2.436933	2.352357	2.322227	2.282138	2.163038	2.102473	2.043603	1.986383	1.930764	1.876703	1.824155
129	0	5.256	4.82601	4.702729	5.411706	5.145333	5.462081	5.260967	5.126867	4.914441	4.751198	4.54377	4.386074	4.329895	4.255149	4.033081	3.920154	3.81039	3.703699	3.599995	3.499196	3.401218
130	0	14.0231	10.13027	8.328318	7.533792	9.20873	11.09561	10.68707	10.41466	9.983138	9.65153	9.230163	8.909821	8.7957	8.64386	8.192753	7.963356	7.740382	7.523652	7.31299	7.108226	6.909195
131	0	1.254107	1.233933	1.354731	1.322678	1.491354	1.467394	1.413365	1.377339	1.32027	1.276415	1.220689	1.178324	1.163231	1.14315	1.083491	1.053154	1.023665	.9950028	.9671428	.9400628	.913741
132	0	1.923731	1.906658	1.935783	1.978316	1.958353	1.92689	1.855942	1.808635	1.733696	1.676108	1.602933	1.547301	1.527483	1.501114	1.422773	1.382936	1.344214	1.306576	1.269992	1.234432	1.199868
133	0	2.863352	2.708527	2.506526	2.574092	2.670741	2.627833	2.531076	2.46656	2.364361	2.285824	2.186029	2.110161	2.083133	2.047173	1.940334	1.886005	1.833197	1.781867	1.731975	1.68348	1.636342
134	0	3.911101	4.185308	3.880617	3.966768	3.83491	3.773299	3.634366	3.541727	3.39498	3.282209	3.138914	3.029975	2.991166	2.93953	2.786121	2.70811	2.632283	2.558579	2.486938	2.417304	2.34962
135	0	8.458038	6.407408	5.113976	5.557562	5.77329	5.680537	5.471379	5.331916	5.110994	4.941223	4.725498	4.561495	4.503069	4.425333	4.194384	4.076941	3.962787	3.851829	3.743977	3.639146	3.53725
136	0	1.162062	1.531477	1.425386	1.52032	1.597879	1.572208	1.514319	1.47572	1.414575	1.367587	1.307881	1.26249	1.246319	1.224804	1.160884	1.128379	1.096784	1.066074	1.036224	1.00721	.9790082
137	0	2.473697	2.314921	2.250183	2.337492	2.114336	2.080368	2.003768	1.952693	1.871786	1.809611	1.730607	1.670544	1.649147	1.620678	1.536098	1.493087	1.451281	1.410645	1.371147	1.332755	1.295438
138	0	3.798144	3.704775	3.452393	3.86771	3.880564	3.818219	3.677632	3.583891	3.435396	3.321283	3.176282	3.066046	3.026775	2.974524	2.819289	2.740349	2.663619	2.589038	2.516545	2.446082	2.377591
139	0	5.062449	5.276515	4.857781	4.573929	4.472197	4.400347	4.238326	4.130293	3.959159	3.827648	3.66054	3.533498	3.488239	3.428022	3.24912	3.158144	3.069716	2.983764	2.900219	2.819013	2.74008
140	0	10.45051	10.10301	7.586528	7.517958	5.929907	5.834638	5.619806	5.47656	5.249645	5.075268	4.853691	4.685239	4.625228	4.545383	4.308168	4.18754	4.070289	3.956321	3.845544	3.737869	3.633208
141	0	1.107565	1.296364	1.265666	1.325859	1.29637	1.275542	1.228577	1.197261	1.147654	1.109532	1.061092	1.024266	1.011147	.9936915	.9418325	.9154612	.8898283	.8649132	.8406956	.8171561	.7942758
142	0	1.717442	1.732504	1.744788	1.801418	1.761352	1.733054	1.669243	1.626695	1.559294	1.507499	1.441685	1.39165	1.373825	1.350109	1.279649	1.243819	1.208992	1.17514	1.142236	1.110254	1.079167
143	0	3.144268	2.722089	2.8506	2.824822	2.761993	2.717619	2.617556	2.550836	2.445145	2.363925	2.26072	2.18226	2.154308	2.117119	2.00663	1.950445	1.895832	1.842749	1.791152	1.741	1.692252
144	0	4.884592	3.946435	4.196083	4.286454	4.191116	4.123782	3.971944	3.870701	3.710322	3.587077	3.430472	3.311414	3.269	3.212568	3.04491	2.959652	2.876782	2.796232	2.717938	2.641836	2.567864
145	0	9.389413	9.07166	8.389633	6.875952	6.723019	6.615009	6.371443	6.209038	5.951773	5.754074	5.502861	5.31188	5.243843	5.153319	4.884377	4.747614	4.614681	4.48547	4.359877	4.237801	4.119142
146	0	1.49866	1.638375	1.635928	1.856583	1.81529	1.786126	1.72036	1.676509	1.607045	1.553664	1.485834	1.434266	1.415896	1.391453	1.318836	1.281908	1.246015	1.211127	1.177215	1.144253	1.112214
147	0	2.125791	2.443226	2.312153	2.214204	2.164956	2.130174	2.051741	1.999443	1.916598	1.852935	1.772039	1.710539	1.68863	1.659479	1.572874	1.528833	1.486026	1.444417	1.403974	1.364663	1.326452
148	0	4.014658	3.46823	3.283891	3.616152	3.535723	3.478919	3.350825	3.265414	3.130115	3.026142	2.894026	2.793586	2.757805	2.710197	2.568757	2.496832	2.42692	2.358967	2.292916	2.228714	2.16631
149	0	6.131742	5.424385	5.712602	5.896935	5.765777	5.673145	5.464259	5.324978	5.104342	4.934793	4.719349	4.555559	4.49721	4.419575	4.188925	4.071635	3.95763	3.846816	3.739105	3.634411	3.532647
150	0	12.58852	9.247259	11.15288	6.167715	6.030534	5.933649	5.715171	5.569494	5.338727	5.161392	4.936055	4.764745	4.703716	4.622516	4.381275	4.2586	4.139359	4.023457	3.9108	3.801298	3.694861
151	0	1.234925	1.244762	1.4457	1.425225	1.393525	1.371137	1.320652	1.286989	1.233664	1.192686	1.140615	1.101029	1.086927	1.068163	1.012418	.9840699	.956516	.9297336	.9037011	.8783975	.8538023
152	0	1.932707	1.934281	2.073438	2.044073	1.998609	1.9665	1.894093	1.845813	1.769334	1.710562	1.635882	1.579108	1.558882	1.531971	1.45202	1.411363	1.371845	1.333434	1.296098	1.259807	1.224532
153	0	2.615255	2.669349	2.678349	2.640417	2.581689	2.540212	2.446681	2.384317	2.285525	2.209607	2.11314	2.039801	2.013674	1.978913	1.875637	1.823119	1.772072	1.722454	1.674225	1.627347	1.581781
154	0	4.510283	4.352391	4.093773	4.035793	3.94603	3.882634	3.739675	3.644353	3.493353	3.377315	3.229867	3.117772	3.077838	3.024705	2.866852	2.78658	2.708556	2.632716	2.559	2.487348	2.417702
155	0	8.496251	8.75135	8.496567	8.376232	8.18993	8.058352	7.761643	7.563802	7.250404	7.009569	6.703544	6.470891	6.388009	6.277733	5.95011	5.783507	5.621569	5.464165	5.311168	5.162456	5.017907
156	0	1.397056	1.373989	1.498012	1.476796	1.443949	1.420751	1.368439	1.333558	1.278303	1.235842	1.181888	1.140869	1.126256	1.106814	1.049051	1.019678	.9911268	.9633753	.9364008	.9101815	.8846965
157	0	2.321372	2.586445	2.296	2.263482	2.213138	2.177583	2.097404	2.043942	1.959253	1.894173	1.811477	1.748608	1.726211	1.696412	1.607879	1.562858	1.519098	1.476564	1.43522	1.395034	1.355973
158	0	3.39007	4.414629	3.625347	3.574002	3.49451	3.438368	3.311767	3.227351	3.093629	2.990869	2.860293	2.761024	2.725659	2.678607	2.538815	2.467728	2.398632	2.33147	2.266189	2.202736	2.141059
159	0	5.720204	4.887195	5.788432	5.706451	5.57953	5.489891	5.287752	5.15297	4.939462	4.775389	4.566904	4.408405	4.351941	4.276814	4.053615	3.940113	3.82979	3.722556	3.618325	3.517011	3.418535
160	0	13.35412	8.989329	13.78044	13.58527	13.28311	13.06971	12.58848	12.2676	11.75931	11.3687	10.87236	10.49503	10.3606	10.18175	9.650383	9.380172	9.117527	8.862237	8.614095	8.3729	8.138458
161	0	1.184899	1.386731	1.312947	1.294352	1.265563	1.245231	1.199382	1.16881	1.120381	1.083166	1.035877	.9999259	.9871184	.9700778	.9194513	.8937066	.8686828	.8443598	.8207177	.7977376	.7754009
162	0	2.003022	2.472908	2.341332	2.308172	2.256834	2.220577	2.138815	2.084297	1.997937	1.931572	1.847243	1.783132	1.760293	1.729906	1.639625	1.593715	1.549091	1.505717	1.463557	1.422577	1.382745
163	0	3.171663	3.106987	2.941674	2.900012	2.83551	2.789955	2.687229	2.618733	2.510228	2.426847	2.320895	2.240346	2.211651	2.173471	2.060042	2.002361	1.946295	1.891798	1.838828	1.787341	1.737295
164	0	4.847921	4.375145	4.142357	4.08369	3.992861	3.928713	3.784057	3.687603	3.534811	3.417396	3.268199	3.154773	3.114365	3.060602	2.900875	2.81965	2.7407	2.663961	2.58937	2.516868	2.446395
165	0	11.19149	9.607247	9.096076	8.967249	8.767801	8.626941	8.309296	8.097495	7.761984	7.504156	7.176538	6.92747	6.83874	6.720683	6.369943	6.191585	6.01822	5.84971	5.685918	5.526713	5.371965
166	0	1.385026	1.365806	1.293136	1.274821	1.246467	1.226442	1.181284	1.151174	1.103476	1.066822	1.020247	.9848378	.9722235	.9554402	.9055775	.8802213	.8555752	.831619	.8083338	.7857004	.7637008
167	0	2.590654	2.554704	2.418776	2.38452	2.331484	2.294027	2.20956	2.15324	2.064023	1.995462	1.908344	1.842113	1.818519	1.787126	1.693859	1.646431	1.600331	1.555521	1.511967	1.469632	1.428482
168	0	3.078965	3.036239	2.874691	2.833977	2.770944	2.726427	2.62604	2.559103	2.453069	2.371586	2.268047	2.189332	2.16129	2.12398	2.013134	1.956766	1.901976	1.848721	1.796957	1.746642	1.697736
169	0	5.298012	5.224494	4.946515	4.876458	4.767997	4.691395	4.518658	4.403479	4.221025	4.080816	3.902656	3.76721	3.718958	3.654758	3.464023	3.36703	3.272754	3.181117	3.092045	3.005468	2.921315
170	0	9.391379	9.261059	8.768306	8.644123	8.451861	8.316076	8.009877	7.805709	7.482288	7.23375	6.917938	6.677845	6.592312	6.478509	6.140408	5.968476	5.801359	5.638921	5.481031	5.327562	5.178391
171	0	1.254842	1.237429	1.17159	1.154997	1.129308	1.111164	1.070251	1.042971	.9997565	.9665477	.9243501	.8922696	.880841	.8656352	.8204593	.7974864	.7751568	.7534524	.7323558	.7118498	.691918
172	0	1.812832	1.787676	1.692559	1.668588	1.631475	1.605265	1.546159	1.506748	1.444317	1.396342	1.33538	1.289034	1.272524	1.250556	1.185292	1.152104	1.119845	1.088489	1.058012	1.028387	.9995925
173	0	2.840991	2.801568	2.652505	2.614938	2.556777	2.515701	2.423072	2.361309	2.263471	2.188286	2.092749	2.020118	1.994244	1.959817	1.857538	1.805527	1.754972	1.705833	1.65807	1.611644	1.566518
174	0	4.229846	4.17115	3.949216	3.893284	3.80669	3.745533	3.607622	3.515666	3.369998	3.258057	3.115816	3.007679	2.969155	2.917899	2.765619	2.688182	2.612913	2.539751	2.468638	2.399516	2.33233
175	0	9.579031	9.446107	8.943508	8.816844	8.620742	8.482243	8.169926	7.961678	7.631794	7.37829	7.056168	6.811276	6.724035	6.607959	6.263101	6.087734	5.917278	5.751595	5.590549	5.434014	5.281862
176	0	1.574796	1.552944	1.470316	1.449493	1.417253	1.394484	1.343139	1.308903	1.25467	1.212994	1.160037	1.119777	1.105434	1.086351	1.029656	1.000826	.9728028	.9455643	.9190886	.8933541	.8683401
177	0	2.697274	2.659845	2.518323	2.482657	2.427438	2.388439	2.300497	2.241858	2.148969	2.077587	1.986884	1.917927	1.893361	1.860676	1.763571	1.714191	1.666194	1.61954	1.574193	1.530116	1.487273
178	0	4.472386	4.410325	4.175665	4.116526	4.024967	3.960303	3.814484	3.717255	3.563234	3.444875	3.294478	3.18014	3.139407	3.085212	2.924201	2.842323	2.762738	2.685381	2.610191	2.537106	2.466066
179	0	7.16974	7.070249	6.694063	6.599256	6.452477	6.348813	6.115049	5.959179	5.712266	5.522523	5.28142	5.098124	5.032824	4.945943	4.687823	4.556564	4.42898	4.304969	4.18443	4.067266	3.953383
180	0	12.94988	12.77018	12.09072	11.91948	11.65437	11.46714	11.04492	10.76338	10.31742	9.974704	9.539227	9.208158	9.090217	8.933293	8.467081	8.230002	7.999562	7.775575	7.557859	7.346239	7.140544
